
5383
5722
2339
9450
848
7010
3411
4611
779
786
1883
2645
4986
4296
8316
3582
4496
3802
342
941
2994
8726
7026
9858
5532
1751
4190
2153
8475
3120
9291
1513
2497
7042
3943
9869
1402
9119
4999
2945
6312
471
8359
5292
4887
8559
1136
3707
1464
5653
8185
544
8554
9842
4662
4118
9249
3995
6806
6324
7557
6635
2300
4096
3339
6682
3825
3750
7880
2579
7936
2593
1072
4718
2925
4178
9302
1677
7177
6035
9785
3787
3131
6184
1785
5896
7846
8917
9472
5529
6643
18
6648
6108
963
8351
6468
1600
4350
9569
662
5696
670
299
8912
9052
4399
3798
5213
6829
851
4313
9998
4641
121
3968
9156
4659
5408
3785
3790
3813
2728
7907
2249
6552
1439
2012
8533
6462
4297
3952
8503
3162
3761
2966
937
5778
4159
4339
7671
9596
3126
6893
8103
1759
6955
8633
7155
6989
1659
1526
4529
4146
8586
113
9233
7366
9303
4923
2185
8810
3672
7877
3839
1863
261
9633
8471
109
3314
5892
3457
3315
1172
6810
3486
4408
5781
2421
1048
3922
8250
1898
1985
1140
5555
313
2005
1
7262
145
4737
3216
5973
4434
6694
763
6651
9503
7568
8880
6732
5102
9362
4051
3845
1155
3717
4664
8223
5251
2988
6689
1392
6473
554
11
1018
9861
6638
7197
6430
4726
1792
6437
6450
3775
3083
7927
4038
8608
5033
4500
3871
5482
2607
6509
5421
5479
3250
5406
9301
266
2777
9687
824
5321
4884
1191
4252
5422
6163
9140
9837
2743
752
4700
1574
8965
6767
1685
9304
1476
6864
8267
1636
4721
7984
4627
335
7715
4290
1129
846
2293
9428
4523
5990
8302
3161
6071
745
8840
2050
9438
6629
28
4493
4050
2064
2574
6209
882
8513
7992
3528
4069
5086
2983
9812
7602
5328
8853
7492
3921
2533
3380
5160
1509
4245
6536
2036
1234
4105
538
9582
2866
3110
9263
7469
6898
6026
9493
6206
982
320
4560
7488
5355
7969
4549
6255
9262
1209
3869
9598
5723
3682
4632
4564
3073
7768
8963
2687
6346
8420
8495
4015
4017
3501
9282
412
868
3768
3458
2906
249
2712
8790
5624
5206
5084
3641
2067
8131
2801
2037
9132
3235
4119
4621
4217
2684
6384
7653
9660
4600
6523
9975
1028
325
3116
8660
7918
3805
2774
6254
5531
4969
6641
214
5359
6924
486
9192
6046
330
7581
6702
3977
3747
1738
2938
9956
9126
4762
545
9382
8128
7280
3435
4631
5155
607
7935
5062
3325
4279
7529
3525
7972
4110
6517
9180
3256
7885
3007
4970
5656
6520
560
5861
8393
9594
9030
813
9762
762
1575
4928
9781
3169
534
9669
9042
3020
1367
6784
4211
5500
8140
2032
8484
854
3401
6409
5053
6537
3918
2909
367
2576
495
4072
3973
1587
5191
4260
8547
2078
2613
4663
5965
6034
3723
6951
9294
5954
2017
542
2636
9952
8402
8356
610
6226
6956
8412
3100
1398
9322
1940
2539
1479
6355
5140
3498
1215
8780
436
8116
79
7956
5857
2722
4852
4750
9987
5136
7629
8441
4535
9617
1872
838
5937
1486
7286
9928
5731
8490
8190
1949
8466
7967
3812
456
8315
3173
5989
1480
2071
9524
1597
4163
2200
6680
2294
6276
103
6715
9843
5309
814
8767
1922
7707
7961
4057
7149
6341
4709
1118
5537
7233
8039
3295
2929
7412
4694
3917
9871
347
6587
3194
4565
5180
4247
5103
7550
6073
1236
4748
6233
5959
875
2615
1629
7767
5360
7336
8630
717
8256
1430
4495
4259
6187
6495
914
3323
1666
2412
8913
701
8371
3251
7335
8953
8398
8914
9800
3133
6300
5016
3819
2717
8003
9547
9880
9779
909
3647
1849
378
6325
2426
327
6397
9145
9939
196
2829
3596
8975
1615
1548
8688
5904
9852
4956
1355
9160
9427
9179
9064
5920
4168
7948
8765
8105
9118
2518
9824
3638
9951
2427
5354
5883
1441
564
3634
8697
5910
570
5793
7567
9904
7683
4821
1277
7258
7756
6377
5664
4746
3599
3346
5390
2685
9011
8668
7184
9830
8784
362
4697
6760
3370
6941
6627
1765
4995
4943
175
7539
7369
6102
4932
9354
8567
3068
4918
7873
8357
575
1563
4135
1590
1029
315
6490
3565
7762
4666
9612
3229
3246
9887
5437
9788
8339
5936
252
9621
6019
239
5317
411
8053
3101
1817
3467
7313
6790
5068
2215
778
8244
1064
4053
1981
8760
3221
4546
4665
1516
4304
5226
9422
1711
9768
2410
3950
8704
3578
3343
2560
9708
5046
1121
2396
1216
9152
4967
488
1753
8324
104
3811
9982
9008
5735
7167
3533
7991
5288
740
2643
4021
8820
1023
1099
714
1351
7786
4391
1549
123
9072
4978
9857
1772
76
122
9575
5812
8521
5255
7437
7777
4849
110
3150
767
4268
8721
6619
2179
571
9537
5815
5701
3729
4004
1501
8123
9619
3941
4857
3527
2105
7507
7235
7605
6117
6876
7191
8373
6835
794
1458
197
3700
3442
6773
6582
5367
7627
1113
6198
3834
926
9153
6967
8523
2297
8582
992
4723
3879
2629
5594
37
9210
7897
5940
7943
6900
9267
258
1305
3653
3163
4635
8695
1241
4725
130
8400
2840
1130
1239
2324
6593
3698
9628
2021
6725
6445
3340
6792
8381
6881
7298
5122
3903
3589
1542
6055
2808
623
7556
7299
6887
5617
6127
4310
187
2072
8852
2624
9657
1201
3893
3538
124
7101
1109
6372
7625
8386
7964
1208
5201
6734
2129
5387
987
3746
7764
1335
5061
6005
7672
6631
6658
6438
3516
7920
285
949
6808
5009
1794
8568
934
9502
4307
6560
7844
4823
2277
9589
3954
2890
6092
3987
1360
9469
6929
8546
1749
8888
8844
834
5818
6781
9155
5499
8574
8156
6736
3047
6544
6731
2956
10
8561
4123
5167
8745
9460
8535
9197
6563
4011
7826
6166
7733
5401
4878
7097
8841
5123
3870
1706
4203
8915
8722
1315
6461
5647
3743
5456
644
970
5498
5540
4443
8215
3648
6519
5607
1303
9416
6869
7381
8514
8129
2197
2040
711
5433
1661
8138
5705
7970
324
3002
622
8957
2891
1552
7239
8848
5011
1797
2222
2228
7576
5221
8290
9736
5078
108
4704
3360
5746
8437
3395
4179
6125
8995
4740
7848
4378
6911
1469
7372
4227
3413
125
476
4355
5634
6487
6755
9181
4204
3701
5467
8082
3228
1108
3219
2235
8771
537
8157
1095
9834
2914
5231
4518
9677
1407
24
7320
5801
2821
5173
2923
7771
7870
6407
5304
707
7114
5015
9696
5907
5326
2935
3289
6830
8741
5069
6699
1266
1856
3257
870
316
4342
5955
1582
1605
7775
8137
7175
5032
7782
785
6605
7301
5901
2063
477
8558
6585
5683
4276
9903
6551
5023
2001
916
9095
2889
3135
2158
3294
735
350
608
2718
6494
4637
5278
5063
9806
5667
8298
9562
3387
9546
1608
1309
4862
7661
815
4472
6194
5795
3584
1508
6977
1491
4361
1082
6135
4111
3930
6607
6216
9653
7054
2126
3504
6667
3473
8800
8409
601
2528
3715
9790
9255
507
9297
6004
6825
7946
384
3105
9563
3236
828
5121
5075
3570
3175
8762
7384
6795
6969
3728
4235
9692
458
6515
6875
7009
3130
8387
7547
9264
7593
1535
2683
7435
9592
277
5927
8488
9183
381
7776
5488
3084
6420
3993
5302
6237
81
1096
3992
4360
7760
1812
6783
9820
3025
2382
3568
1558
1090
3019
9574
8937
7652
2806
4688
2980
5132
5469
5897
4101
1410
8
2734
2910
6940
9567
3691
416
6022
3122
3724
9506
4441
8877
2155
2332
2254
2957
2787
9718
8027
3771
3434
9447
4752
5762
9289
7851
3617
1869
1521
675
3598
772
6591
5478
8920
7068
4827
4429
1581
6167
2681
5806
9528
9879
1712
6960
2369
585
985
4362
7674
4638
9706
2271
4198
8305
8542
4866
8079
1979
5673
3759
4808
7461
8990
2952
1674
6568
6223
8516
402
5446
7894
3164
6029
7443
3940
2770
8959
2998
2443
8225
7500
9400
9815
4985
4818
8207
2193
1312
8543
7441
332
8154
1803
8955
4351
8360
5972
8026
7455
6353
4102
4620
1432
2425
4068
7165
9552
326
9040
7334
3212
138
3751
457
7766
8438
7021
6882
563
8328
5870
5407
581
9033
8511
5276
7135
9508
9953
6652
1169
2848
6374
9458
3422
770
645
8494
7079
6141
8670
3070
9149
9833
5551
8893
2554
7121
5925
8753
1283
3722
9487
3791
2267
2521
3956
8748
2029
5424
1527
8931
5058
5270
4925
1622
2246
9641
6936
5845
2165
8526
9451
4773
5119
6785
8906
3684
1961
1853
9932
1280
5678
5797
265
6454
3430
9702
246
515
3887
6053
6737
132
2106
1718
2302
9864
2467
1653
6958
524
8845
9094
2292
409
2772
6761
6277
3962
7332
1281
15
8770
748
4199
4879
549
9882
9034
5089
6286
885
7974
9741
4837
4115
5713
6839
729
9467
8797
5598
5264
9117
8265
6069
3205
3976
9944
4607
880
3208
6630
9897
288
3518
1691
7168
9999
8205
798
582
8036
3978
7292
1165
1561
2905
9174
1512
9420
3579
1783
4240
6713
7046
7575
340
2424
1396
296
9484
8453
1031
2286
7395
1962
9581
7792
3607
4270
2355
5081
9283
1628
516
7590
192
3364
9835
3129
6754
1145
6272
801
3945
6949
928
8076
7856
1546
9456
3476
154
7538
1249
228
6093
3666
8043
8916
3854
2147
4323
2176
1070
5095
5426
1282
1178
1822
1750
5641
7959
4044
2573
5425
1511
2946
8696
6021
9070
1294
2882
9848
4348
9883
1321
4833
349
5708
3433
4376
6273
9551
5631
1382
4153
812
5894
2934
1645
1767
5765
9159
5638
2671
7566
8993
4145
1624
8974
7360
5057
4674
8627
9750
9672
5652
9489
8759
1500
3215
1594
6970
8117
5269
2985
9005
8226
9252
6436
9937
3309
6458
5662
1317
2918
3916
8077
3151
509
5163
5644
9287
7417
6897
6469
1626
3531
5128
9104
4234
9403
8309
8998
557
8672
4237
900
8099
143
2366
2895
1123
83
6271
3959
2113
6700
9650
3974
8404
8560
3031
3989
4561
6427
9368
6944
8911
9916
3821
539
1676
8641
5574
3883
6756
1634
5753
7013
1682
4687
4149
7053
1732
3313
4606
4414
5868
6123
649
8196
357
9550
2958
6064
8447
4150
5941
1244
7048
1434
979
2701
8611
6149
5161
6753
4303
7879
3886
8397
3393
5626
8642
6411
6393
279
683
5148
6380
5832
2042
8160
5455
1044
4639
4920
5964
2347
6853
9018
8115
5559
8458
8064
2058
3892
5669
6326
2949
8109
9840
5472
7242
1570
3181
5036
1524
9717
397
3336
5343
9678
3165
6507
2587
9699
7706
4520
7505
3559
8530
598
1639
8854
2312
207
8047
3603
2408
410
2769
3021
1233
200
3688
3253
7347
3776
240
8782
2979
8104
1219
2831
9756
5026
392
6926
7916
6085
4012
5929
6078
8242
6586
8902
7106
8755
6153
6728
9974
2433
6068
1344
6878
4566
8758
3755
2074
565
7785
6289
2188
4226
2793
8245
321
6612
7259
314
7045
3660
8604
8626
513
2867
1171
686
527
5334
7499
7930
8828
3626
2035
5130
4353
4824
4206
1936
9590
99
2338
4464
4584
6847
5668
8756
6836
7061
562
6599
5197
2538
3706
3789
343
5503
7728
8456
7345
2830
6521
9135
2177
5703
6193
5938
7125
1695
8314
5245
9335
171
7736
4571
1956
5948
6243
7645
7465
9148
1010
7240
9347
9734
474
2440
8395
3214
2692
8341
2665
6088
2843
7858
5241
1760
4806
1261
7132
6997
3425
6453
6522
245
1779
7076
5734
6501
6191
7249
1950
2932
7202
7450
4909
1412
2996
8707
7583
8130
1020
380
8049
6061
3111
2479
8779
7274
6910
9308
9705
5088
919
9634
6201
1275
9194
9225
754
3184
4512
2542
6250
1882
2216
9279
6459
2169
5506
1497
3558
2782
9600
8938
6745
6601
2145
3306
4306
8715
5333
3
2151
5692
4722
1830
7275
4508
51
3624
6862
3209
568
9526
688
5013
6231
9554
8455
7834
8693
8038
5294
251
9544
7931
8325
5657
7986
8407
4558
5002
6160
8423
2815
4843
2143
8822
5504
1560
6435
4498
1683
5143
3575
5146
6076
9613
9307
2982
3797
7535
4220
2601
1507
9635
6757
4284
1903
8454
1494
3018
6027
41
1404
9499
4644
6518
5364
3283
105
3445
4028
5770
7237
3245
9531
4035
6109
7031
2703
1063
3270
9063
3924
3630
312
7892
4379
4481
6305
3094
7309
1916
6330
1562
184
4861
9480
1568
7639
4060
3034
1097
5198
1472
2043
9519
7115
978
7496
2600
8352
7390
567
5168
7887
4099
297
183
7836
3461
6514
2335
1142
3862
4468
677
3058
980
9113
1820
4095
4477
7219
867
215
7134
2656
289
1746
3466
8214
7485
1602
5535
405
1834
7241
5720
6726
5606
8837
2226
6122
5850
8037
2344
4371
5889
2508
58
8433
4962
1443
6927
5335
3725
1160
8907
9608
5120
7519
3928
7612
863
7007
7408
7614
2523
4557
5129
3699
2195
7113
3908
3586
9967
2694
5783
3061
1468
712
7380
1452
2668
6575
6513
5741
3397
2229
446
2633
1400
7889
1254
2102
398
1731
7282
1395
2213
4593
7327
9876
2525
5067
6217
2055
6531
2676
1371
7263
452
5865
2997
6845
684
6290
216
5804
8939
502
2904
517
2760
7704
8392
3341
930
6213
6545
6947
4728
3847
7152
2458
2314
6500
9122
6157
613
3279
8287
7089
3419
2446
5528
5301
1984
1990
5402
1347
4876
2010
413
3154
4321
8664
3820
5039
9627
6403
7513
954
5840
6812
8775
657
2164
8731
2708
2411
8565
7955
4062
5665
9058
1397
8532
7304
529
3242
993
3365
5133
6329
1255
4521
6479
3239
7872
1709
9163
430
9838
2378
1897
7109
5385
3491
6937
3793
9002
2013
9177
6083
9988
3098
6584
4447
6963
4491
2547
3807
5137
6199
5988
3884
8189
6338
9764
8881
42
3806
4097
7820
1062
9772
8719
3183
293
731
8045
6251
8072
9841
6636
1942
8510
5010
6441
6891
3077
2682
1848
7423
2693
1119
6909
4859
2133
8584
4369
2509
8985
204
1655
2402
2276
1025
8364
1056
8501
9505
8013
5691
4501
9209
3418
1876
1173
7837
179
5679
8928
8237
162
4287
6730
5357
889
1032
5349
8015
355
7188
5939
7000
8389
5171
3377
7501
8600
1448
9111
7741
2351
1021
6920
7051
8500
6477
4098
4139
7096
6352
3146
8177
7754
7818
8170
4474
4904
1921
6992
5993
6752
317
2616
9426
8178
4938
2008
6400
6067
282
8788
8778
44
5728
6597
6307
968
8391
759
1672
2367
3450
49
5420
9991
6750
2622
3885
14
6762
1378
2583
7549
7370
7562
4552
243
1230
6928
9716
4915
6617
433
3592
8252
1904
6548
1520
5942
5704
4141
1340
2086
7611
9642
1947
8161
7022
6134
4114
1908
7257
5556
8463
9853
3907
1839
8958
6851
4799
6843
1887
1818
7994
9387
3739
8180
6150
7255
7586
4151
5104
7098
1700
9374
3496
1049
3075
7398
8909
7085
5474
2586
2365
6457
4863
6972
4653
9808
7922
5583
1861
6695
6224
9076
16
977
8350
172
1214
4013
2659
4534
2447
8362
2090
4347
9968
4624
1514
4788
3521
6771
7976
4415
5752
8416
52
7253
6259
1890
3349
4767
3159
1366
4779
2428
2319
822
1686
9556
7572
9651
5694
6577
5586
3222
8702
5507
6131
1274
8370
4897
9972
5538
5423
5773
6190
7751
6486
291
5983
6444
6570
4683
7524
1102
1036
5716
6525
8097
3465
782
8716
7702
4244
5179
4570
5405
3633
6906
3526
6342
9024
5020
469
1824
2473
9345
6328
1881
5098
1829
1866
9410
9700
191
4316
3569
3611
8816
8509
1278
8798
1460
2321
2470
9960
2752
1008
8222
2604
5860
1673
2305
724
5232
8358
6399
2047
9925
3177
8164
345
6649
6596
7087
8150
9577
1643
5125
3779
5917
3099
9229
3493
160
3591
2049
510
9088
1179
8678
3415
7915
480
4720
7460
720
8728
178
8046
7601
8092
7350
4574
2024
8085
589
8647
1630
5322
9211
6370
2011
7954
764
2203
6930
4724
6364
5038
3180
2317
5210
2832
8111
2405
6000
473
3290
4475
2838
2568
1771
7348
2461
995
5096
733
6116
5377
9306
6292
9375
7755
8679
2810
4387
2051
8889
6717
591
6775
2313
5049
9295
3991
8040
8294
9568
2839
7493
3540
8308
7757
475
855
2178
6302
2438
3649
6530
5711
2726
4840
3249
5234
5156
642
7156
5582
6993
1040
6172
129
5202
9136
8257
3479
1061
6416
6816
2139
5759
2944
8219
9199
3745
5921
7626
9902
9212
5610
4963
6994
5436
9584
2903
6957
5609
7060
6952
5960
874
2551
1442
4875
4031
7027
421
9187
9929
7178
2550
9455
2696
7025
1850
7078
318
7120
4410
8562
7110
4471
5513
5849
5554
2084
7024
4002
7290
1852
6962
9003
1875
194
8491
7305
127
64
6765
4207
7619
4955
6177
5772
2211
5428
9216
2099
4398
7882
235
8576
9429
9436
9059
7684
4706
4170
9453
1046
4413
2218
1144
1308
2931
7559
5370
2660
2323
5124
7738
4910
1086
6481
2788
425
7393
3770
2837
5766
5371
1855
6569
5268
2132
254
1006
4976
8008
5548
3998
1250
7510
3198
1845
1091
1810
7692
2953
1814
630
1077
5512
5502
6239
5153
3889
6673
5303
7099
8973
5767
9146
4202
6764
5229
8737
7084
2908
1485
4891
6679
2061
3896
3004
7845
3067
3049
7781
6908
9491
4334
8839
3587
1227
9247
292
1030
2715
936
1616
4122
9539
5541
1664
4189
9254
9329
775
5518
955
2854
5228
1846
4695
6912
7676
7854
5261
322
3850
1975
741
6269
4735
1740
4781
5639
8875
9170
5670
3423
8573
2702
9178
8563
7111
6661
7491
6510
5740
2504
2097
7351
9452
1649
9825
1471
169
7447
2316
3071
7502
1541
218
2468
3385
9793
8507
5431
1607
2171
3013
6714
5458
4074
9203
4971
3645
626
5930
640
2570
1246
2108
2558
7216
9614
4131
952
7494
7321
5337
1065
2069
8950
1260
8883
2870
8531
4088
5246
4167
5866
2009
7982
5747
6137
8322
4764
7949
5154
2285
4261
766
2515
9792
6373
7318
6094
4576
478
9900
4851
1264
9510
4435
8253
1220
3095
6873
6499
2163
5306
1387
9943
2597
7632
9587
6744
5671
1454
1665
5203
3372
9638
8469
5903
9919
7608
9578
3996
2714
6048
737
3153
1316
3716
4936
7580
1426
4738
521
4690
836
5684
9898
9226
126
5873
8304
3615
1135
7127
3237
8074
5233
861
8208
5074
4668
2865
195
7906
4854
4080
8377
7908
2620
2484
7433
3780
5908
1455
63
8445
1736
1721
6339
1702
800
7413
1292
960
5949
9286
4194
8329
3803
4451
5176
4716
59
7278
5754
4952
7247
8194
6998
886
7638
1177
5101
7714
5876
5820
98
5800
3557
2104
1071
7312
6971
150
5774
2340
8199
6361
9805
5222
2635
1680
7798
2595
8723
7400
8691
9570
8498
7229
1034
4087
190
1899
4428
4210
202
4812
9520
1182
4439
1793
5859
5047
1106
8869
8873
7052
1276
4881
1379
7363
546
8502
7223
3247
4640
259
3515
7540
3345
8729
9166
213
8336
5127
352
9661
1035
7878
859
8485
9019
9516
9091
2610
8539
730
5997
1242
8220
472
5600
3108
9417
9038
5369
8669
481
6196
1637
233
7456
8506
1420
746
7622
615
6265
7772
8948
5719
7778
6431
6496
2664
4231
8807
2431
3316
2887
7759
7816
8090
4225
1356
6059
8303
3210
2546
4776
1909
2356
8335
4676
5307
9913
689
6511
1619
8803
5776
6378
7687
8096
7016
5742
7554
2557
8005
2330
9144
5054
6142
5473
6642
3905
3970
4107
7518
7910
2159
6741
3125
7697
1419
3620
6211
1678
4407
6592
461
9218
2626
2390
9269
7036
795
9259
8890
152
2454
7551
3681
1612
6405
6421
3409
2872
1586
5242
5164
6313
1453
6534
4608
6181
8947
441
9121
3979
7189
9755
1826
3389
3652
1372
8793
3766
5212
4264
3535
8035
7980
6964
2841
6208
7710
4018
3440
3594
3817
820
548
7043
3809
2054
7449
1913
4344
4177
4025
8591
5749
7784
3556
533
7617
5632
1206
1104
9014
1601
9735
1338
1841
9310
8725
4886
6244
9488
9595
3335
7196
4023
9128
1293
4396
697
4005
580
4642
9593
7979
8312
4431
6502
8964
9580
6456
3010
4071
7769
6721
573
1076
9850
8081
2190
4847
7520
5159
858
2564
3972
8272
1463
9831
6918
1613
5451
9763
6669
4615
1166
847
629
2066
3179
2569
3815
7679
2052
4010
1405
445
6032
3158
2274
2920
3614
7985
7995
9274
690
8126
2110
3443
9471
65
1211
988
3853
6283
1997
5984
7074
7573
7150
8850
3828
7047
4933
4916
4073
9047
6588
8285
1037
9395
264
4841
8162
5771
4670
5848
3206
9723
5828
5413
9659
9966
1328
4816
466
2928
3487
8388
8217
61
5792
751
3410
4758
7310
1701
250
114
4538
407
7307
3197
3227
3605
7329
7863
8519
2869
3351
4216
6442
4974
3223
3505
2964
5350
1948
5205
247
8512
9997
4957
9571
1456
6429
5441
5398
3846
7090
9714
7015
8636
4810
4249
6129
6268
7415
633
2232
5928
1729
832
2705
6110
2251
6903
4882
8610
8323
618
3232
3280
6147
7017
5837
4420
5689
9424
674
8443
9949
1000
5724
7082
2742
8240
5305
482
5858
1727
8894
1963
5872
2501
7516
4463
6709
8496
3654
2039
9644
2758
9599
9483
9976
5975
7490
806
9397
2756
7774
5931
5380
1431
5790
2527
360
9116
6212
699
1919
7647
8487
492
4533
9333
9828
9512
4619
9602
4838
7790
5966
7832
136
2941
5358
896
7207
449
6024
212
4079
7198
743
3564
860
1870
1591
4090
8855
4731
1483
666
5399
8210
2565
2404
7186
4973
7103
2596
2750
236
9477
5685
6665
9873
5336
8182
4604
938
8698
2371
8684
2423
8747
7126
4137
4161
5557
6892
7530
2836
3632
5710
9244
2505
3984
7620
9087
1644
1953
5366
9816
140
3455
1823
1968
369
2081
1168
3182
9947
1865
5755
6844
6221
7542
768
7
5524
6371
9120
2606
4707
8824
4294
8479
9433
5727
4506
9202
5998
6819
2537
6303
3003
1224
4007
3057
8580
2849
1194
7960
6852
1991
8901
205
2930
3843
9492
4494
1296
4357
6197
3059
7364
5544
4889
3831
1286
8070
6707
346
8062
5838
4089
9171
7341
8879
9220
2559
4243
9241
7166
6038
7227
6980
756
9787
9031
20
9946
3438
2858
9186
8055
4630
7923
460
6322
5386
43
8492
6275
2095
8594
4082
1972
9049
3546
2357
9253
1557
111
2448
5018
923
2328
3048
8239
2707
9541
3786
5144
3544
2995
5000
4765
5182
5117
3981
5440
2141
3749
1101
590
1207
9016
7462
6675
3738
8334
31
3824
1451
3006
780
8069
8619
8002
1840
4622
8042
4883
2738
8191
2513
4612
7504
4815
8926
8657
3532
1871
206
4453
8648
1052
6815
5109
1572
1058
4390
7333
3675
9517
1394
8763
3144
2057
5400
1631
6834
2571
7527
3066
1973
2419
5914
4448
3185
5126
5457
2486
4318
3539
8674
9360
2575
9758
3160
5584
3881
3693
5272
6981
8794
2116
3029
2875
2223
6467
2778
4699
849
883
2886
4759
6192
6357
999
4610
5825
6356
1342
2242
1851
1217
3361
5411
8145
2477
877
3679
2638
9624
1365
5044
6154
9300
6241
5147
5190
7512
7763
4450
6555
4803
823
5244
1493
7325
3353
5729
9640
6143
5675
2076
5951
6801
3986
7163
8751
6656
5249
4586
9695
5225
6662
3703
5593
4338
2161
2632
5256
5373
3304
4780
1358
6979
3920
2191
755
8006
6070
1554
4907
5843
3975
9742
5462
2609
5135
7489
3585
9494
5310
8686
6840
4331
2984
3043
4507
9647
2859
9129
4236
6763
1559
3356
8996
3367
8757
2087
6
716
7670
2912
4618
6047
7864
924
9504
9272
2107
1967
4647
1333
1013
9044
3342
9464
543
6644
4326
6879
6319
5891
8263
2298
6345
5064
9048
4590
6331
2786
6921
9990
913
7636
7261
3241
5299
718
8278
621
7246
6042
5756
2950
5898
5878
2212
8089
4392
5882
5522
3213
2516
7359
4988
2835
8467
4537
4787
7040
9732
1243
2181
9012
4870
5149
1884
2493
5348
7276
5864
5034
3231
7681
2915
4979
6996
4126
4540
5396
2768
6040
3944
9079
5855
2680
5005
298
7284
6846
8976
6152
2634
8200
7464
7821
372
4459
1057
893
7912
9958
8338
3015
2417
8887
4393
9885
3864
9268
2368
4066
7940
2146
7195
7533
7436
3997
8987
3454
600
1825
7212
2394
9463
8616
4578
1482
3063
2740
5549
435
725
7941
9331
7483
4083
4285
3109
54
7458
5177
2818
5452
983
2969
1272
3016
7689
408
3658
5807
3552
5789
7875
7124
7136
3756
6503
5604
8060
8592
2739
6842
3104
5688
1931
7546
1977
3563
1408
4587
4356
7598
6758
3730
3829
8785
5080
616
3085
7666
8141
7613
1807
4480
5690
2207
1632
5751
9406
9914
866
3695
1195
7862
6016
2077
4367
9970
7958
7801
148
5817
6547
2070
3561
3463
9907
310
7810
9868
7865
5253
1635
7819
535
1319
1844
6535
6959
8962
9138
8413
1299
365
1858
6182
6529
2672
5615
5618
6739
255
6365
363
5875
5470
5552
5517
8967
1110
3121
5277
2674
2811
3906
3081
131
8372
9522
4732
5971
3272
2278
8014
2343
6751
3934
7471
8148
6060
8694
2204
3931
9363
4516
6886
8864
9513
1380
1857
9110
4675
3211
2640
5485
3322
8088
5314
8139
290
4404
700
5108
788
9290
7564
3327
4086
6096
7403
9523
3112
974
4100
7838
9671
7578
6256
3264
5952
4019
4091
2326
6794
2134
6474
8940
1525
4944
8994
9230
2529
2115
2268
5105
8951
6248
1929
2617
890
6907
2354
3687
8449
4046
5298
664
7541
9811
4289
78
9530
2101
7893
6308
6578
6749
7279
9367
2350
7231
9709
9846
5186
5274
1843
3718
5438
7154
8260
1139
1915
9673
4440
8183
7273
35
68
8297
3537
8812
7349
26
386
6158
4064
4444
8343
3744
6915
30
8860
374
4041
5829
3103
971
9000
9973
6189
9729
2291
2022
3826
2519
9515
3032
1550
3610
2775
7824
2933
8588
1697
7711
8553
1187
3170
8326
2857
8528
5745
4629
2336
9313
6988
9927
5725
1889
8345
4848
4980
9189
7208
6870
7808
3503
639
1528
1374
6828
702
3835
8007
3764
1926
7938
4147
9151
1078
3299
4792
9481
2429
1141
6443
483
7694
620
9320
2250
1910
256
118
6770
3661
6991
5338
4613
3753
9767
7404
9341
1662
1627
4801
4192
9080
2919
6581
5077
7899
356
3583
7537
2498
9123
761
1670
8804
5267
7795
3287
5351
5300
149
4411
4052
7407
2599
9933
4583
2691
2675
8277
8606
453
7701
9275
9372
9851
5650
9324
7171
7409
9227
8629
311
7753
8706
2924
3312
8566
1648
2776
6798
2697
4233
6466
2809
2416
1005
2346
1641
7688
1258
2389
9912
4186
3050
1874
2885
5175
6132
1314
5388
1229
774
4258
2922
4769
1651
3576
7062
5603
5953
6351
1457
3005
9985
5794
4959
7200
7973
3062
459
1425
7847
8411
2196
3330
8701
1593
7888
2812
2098
939
1332
9196
3452
3644
7387
7169
4869
1734
7020
6802
2245
6282
389
8460
4692
4054
5490
8667
6916
4811
6681
7176
6376
4844
1323
376
3447
7610
1132
2926
7859
1532
6419
9208
7514
4678
273
9314
8569
1614
5819
7749
2156
9351
5230
3207
2034
203
393
8483
811
4794
7987
4502
6280
658
9731
6379
5651
6020
3643
7457
5621
6613
9398
6677
6333
2391
2911
4232
2138
946
8283
7585
383
8687
7011
6663
6008
8435
8676
3781
3704
5682
193
3155
4001
465
263
3616
7569
4156
92
2154
437
3054
494
4034
5259
1325
9908
6412
6655
7248
2392
3027
4580
8016
4893
1585
2189
2450
1159
7794
6202
5996
1647
1770
7901
4819
2388
9349
9238
2373
3765
1578
7874
1343
4188
2813
4667
3689
7162
3429
4273
7563
2725
4061
4924
3631
4076
7073
6868
9346
6657
5991
4286
270
6506
2814
9479
4152
6007
1174
9783
2439
6995
9791
2731
617
7055
9936
9411
5536
3281
9509
40
9586
6742
2184
9924
8650
4337
7963
7424
976
9167
2959
7842
2112
4817
5509
7950
8198
7361
93
2494
1039
8125
1285
8968
1739
7063
3123
1761
7780
6946
1221
8087
3948
7105
8992
1478
22
3080
9032
7939
8218
1788
5442
9139
9454
597
8405
9979
8254
8644
4834
5802
6389
1654
3629
6863
9154
8861
7621
931
6107
8872
9807
6091
4055
1577
5418
5257
4830
530
3195
5622
8829
1556
7615
4352
7431
5464
1935
9371
5733
1377
9150
5215
9934
2471
4902
2514
5017
7158
137
1117
3203
7006
5195
7230
4437
8505
173
1026
5726
164
7587
1506
4951
1045
5285
338
5435
1943
7394
1131
4545
6788
4868
6833
5372
1154
894
9872
8857
493
3639
7852
4996
6872
2353
984
1609
8601
4221
4867
2973
3758
8946
4842
9361
8750
2234
7226
7088
7371
2088
5415
403
1780
1484
4601
328
9399
6387
7183
6874
5836
2375
2522
853
8010
7609
9475
5950
8743
2476
3107
2937
8422
1965
3877
6485
3792
5041
4036
6294
2652
6614
3942
6238
2183
1522
8486
3481
2531
7190
6472
2092
9013
9131
7552
1290
3668
2377
6476
3220
2704
3767
7266
5809
734
7917
5444
7147
9200
7799
6832
2723
7362
8264
5219
3946
5247
2403
1270
7157
5655
5743
4646
8147
5660
8083
106
9284
8262
5145
9468
2432
6440
2804
6062
2749
648
8711
4424
6877
8100
1050
7726
3273
9616
5476
7722
7746
9856
438
1203
8986
4572
4597
3965
1748
5588
9845
4855
6174
9201
8321
7693
3827
5833
2038
4797
3919
1580
9266
4563
6390
6075
34
4047
2142
5113
1257
2217
2647
4997
572
272
5100
4492
7890
5835
783
7470
3851
918
4479
9559
498
3783
8781
9803
1536
57
9917
1368
8152
3830
8171
9618
7737
3865
1777
2345
5545
8224
417
9637
2397
2027
5325
6637
2496
9099
6671
7131
2237
6222
4142
3428
4
7432
107
8493
7905
3757
2015
4324
2166
333
3512
9206
7210
7463
341
1386
8376
3529
8597
8809
1388
1658
5969
7389
4949
5060
2673
7243
46
7117
5158
4130
5465
1986
9867
2409
4592
50
4200
275
7978
7829
9978
67
9476
4820
5566
3171
6210
9369
4505
3344
1918
8446
7698
9026
9632
9056
3274
1966
3778
3217
2258
1533
7750
2864
4104
9439
4519
3369
8564
9626
2383
7192
8292
8349
654
6014
6297
1467
4320
9457
6901
7814
6065
3394
4865
7204
8406
1150
6674
757
528
1987
2977
2453
709
3189
9098
7677
388
4395
9316
692
6650
5967
8838
5265
997
1481
5384
4691
4689
1421
2091
1167
3642
3141
5867
8480
4181
4550
4305
7426
6304
3398
3721
101
2401
8235
3769
6748
9221
9739
8232
9801
8943
4219
4269
9536
9054
7324
4109
5279
7933
609
5412
8886
2400
3453
8401
7151
904
4972
8331
4783
1235
7999
6103
6831
4845
3548
9500
1017
6540
3186
2437
1273
2897
7909
7288
4191
1465
8735
2325
8408
7181
25
9401
1758
5330
3368
1401
19
5831
8209
3507
9285
5805
4454
5613
6774
6425
4277
2094
6252
7508
2459
4888
3267
1429
9071
7827
3417
5592
3230
8440
4058
536
5539
1449
1105
9376
9381
9560
892
5915
9561
9390
1267
1813
7904
4155
6410
1427
9089
2562
1393
8932
9691
6814
5410
6561
4768
9529
4790
404
7481
6367
8791
9175
9648
5813
6314
6025
1345
1212
830
7295
1764
8348
7205
7107
3590
440
8118
4831
1776
2847
9124
7386
5162
3554
6823
7646
6948
9656
1862
2540
9462
6270
9878
9257
3259
444
353
4016
336
7268
9798
3190
3875
8230
1939
7001
419
7475
9698
4327
8052
5834
4531
7705
6855
596
1047
3292
7712
7876
5508
6288
2686
650
4349
7867
7596
1959
8017
3499
7665
4457
4311
1263
3657
2489
4785
1152
9169
7977
155
2128
2075
3406
9920
7367
1603
1621
3193
9182
8944
2255
8681
2577
2651
965
1093
1902
6105
2520
9051
6169
2240
406
6484
3404
302
2117
8286
1487
5956
9923
7267
5447
991
3462
3882
4077
2720
6478
1391
8891
222
9348
5736
927
6148
6633
4984
4562
3363
8473
9025
382
1450
9270
1474
1815
9246
671
6976
4782
4701
1531
7182
1836
8313
4230
972
1955
4449
3143
6030
7238
9434
1198
8172
4825
5563
2449
3795
1322
4256
1418
4754
86
4809
8988
6776
4964
6621
9940
4822
7902
3056
6358
2805
2080
4162
6171
3448
9744
5637
9276
8625
7095
4345
8135
4657
3396
1100
1799
2991
6942
7724
6200
3460
9127
3818
6719
2655
4340
2318
7277
166
2611
7217
8153
6039
2436
1051
4228
3277
7119
2003
9106
6090
1723
9039
6880
1835
9977
201
4930
6821
1806
8227
5913
9566
3671
1989
429
8266
3536
802
3490
6464
9165
8949
6688
9408
4377
5677
9485
1164
9890
4335
9413
4212
5707
9435
1350
3628
7860
4045
4121
8541
4385
3248
9773
6549
5748
805
497
2361
9311
9909
117
6446
6151
27
8340
9915
1796
2543
7823
942
1406
4698
2580
865
4157
6176
7913
7459
5361
5852
7650
1566
898
8295
9046
4328
641
8086
508
636
7365
9813
7355
2109
2172
8499
7225
9895
2485
8607
6895
8764
7924
8739
5389
9007
2530
8293
9486
7740
4322
2625
7322
3134
305
5111
6414
2747
6145
4661
959
7743
9318
5780
9548
359
2174
4877
819
8311
8204
3837
8383
9073
2695
7561
5260
6685
9101
9874
5220
9386
8970
9358
5045
9963
7050
7506
6227
5579
3520
5082
8342
3690
3426
7898
6871
6727
6539
8221
5114
1642
1663
6818
6317
4911
1240
8724
7700
708
2999
3384
3733
4037
5611
1698
1610
5799
7595
7480
2488
2852
120
6820
9281
655
5217
6698
6452
592
7346
9827
3914
4577
8464
1362
6471
7056
1196
9955
884
4300
9010
3148
9164
6293
234
3727
4525
2713
2243
6097
2310
8108
522
8821
3898
8577
5323
9777
9112
1295
1754
1341
7486
4873
1310
8952
8529
9652
370
6491
4445
7592
2100
2186
9100
1115
379
9015
2603
943
6512
7041
2121
8033
9391
5443
7035
1811
9821
3427
8645
6188
6327
5184
2260
4633
5151
1565
9102
6684
274
6173
167
6451
6349
1768
4499
2119
2315
1675
6743
6986
9214
4366
1821
5533
2137
1041
5216
1311
5516
792
6406
21
1180
1920
1085
9086
1914
1248
5483
9804
8028
2819
7579
9986
1900
760
8330
7725
7357
1192
4702
8683
839
9854
8041
2044
2862
7377
9350
2395
8187
9899
6716
833
5811
5004
6703
4946
6837
1681
2628
897
1604
6311
1502
4596
5313
8665
1433
1066
1837
3402
7732
5414
7194
681
8247
7028
6693
5224
2495
4649
4280
3225
2465
7385
8903
9532
4242
2618
6215
3762
503
8415
5282
9248
485
7761
4478
5494
1885
2846
842
7100
8159
1892
9020
5666
9432
2657
3480
1087
9971
2500
3441
5116
6121
2884
4836
3371
5769
4982
151
9538
1225
7649
3915
2053
8414
2364
2123
9250
1854
6867
5263
5919
8825
8603
1733
5572
3042
6598
6562
3955
8862
7968
2180
2269
3961
7606
4032
9161
4929
2824
7004
9198
1226
1126
6128
368
2794
7328
9103
1775
603
8551
7148
1801
4374
9662
4193
1687
4832
7664
6857
9961
8004
3266
2507
9334
4679
1995
8281
1941
3168
4941
6423
5393
5187
8021
5620
1112
9142
4826
9069
2822
7800
4043
4539
116
1175
5589
9412
1473
5923
2510
8796
4470
1437
8919
9748
8826
8101
6604
1092
5569
5022
5782
8452
6480
8188
420
4770
319
8120
309
2056
1003
7789
576
3562
4917
1993
661
6130
8632
6044
2827
9663
3408
2592
2000
3478
9681
5625
8738
8843
2544
3482
4363
3982
4039
9703
2004
1906
9689
9280
5107
4908
7064
790
489
3665
9006
8661
713
2198
2415
2881
8367
1184
4839
3470
182
8555
3519
8918
7643
7708
4628
3471
4532
8366
5495
5577
6526
5576
4741
9173
873
1873
1980
3651
8740
4514
742
1114
8465
6670
5417
85
1699
9886
1766
2472
4241
3284
3696
9465
8146
1816
8288
5985
3137
9610
7069
7686
6528
9441
7796
7140
7793
1137
3958
5024
6100
7522
2719
9572
2960
7945
4677
8638
6298
922
2372
8571
5106
9611
5521
1488
3023
6919
637
5029
3064
8898
9501
6939
1534
2667
6974
3038
8982
2630
2623
8545
8337
4359
5489
7410
7029
3911
4271
7112
8410
6572
5395
9558
9630
2972
3604
2194
8945
687
961
8655
72
2224
2688
9679
1089
7287
484
5394
3777
6809
4027
7030
7871
844
301
583
6417
6205
5365
2114
3710
660
1694
989
2231
1832
2028
6541
9001
4616
9753
901
2337
2631
821
4734
4983
2873
5185
5798
9844
8892
4504
9667
3711
1924
3017
9564
4438
4894
9680
6538
7947
135
8972
9068
6589
6354
2745
8029
4650
584
2917
696
2947
209
7812
439
4319
4509
1202
3139
9701
2751
139
3331
5352
12
73
2993
6632
7232
3625
6690
3008
7306
8885
9606
2152
3937
7080
4789
8059
4384
6084
6826
9666
9293
3859
7419
2796
6228
7428
2619
8011
8806
6965
3637
5879
5573
5139
8268
337
8897
8296
6360
5887
951
4513
3606
5785
2187
634
4332
3359
4965
1375
4171
6415
5881
5786
414
4040
5092
8216
3028
5243
9931
1741
3152
8525
5066
4421
401
6422
147
7658
6888
6777
9037
8136
4774
2460
479
6368
6463
8517
8936
8720
4484
3233
13
569
5192
4713
5714
9067
3090
4903
736
8149
2221
2637
6556
6386
2764
627
4680
2230
2418
4412
6363
8270
4579
7420
4786
4008
2524
7891
9794
2670
2648
3600
8394
6724
7375
5649
2482
3545
9707
3674
4991
4510
9191
7252
3318
2621
4853
3244
5608
4272
1679
8396
1337
9658
7560
7311
6799
6861
691
2763
8476
9601
6045
8197
9814
5821
7058
5312
8572
1735
9625
6813
4298
4125
7682
3822
1385
6037
6894
4417
4921
2799
5115
1298
6567
6111
8106
5877
9190
112
7092
9330
7213
8166
4736
5085
2974
2526
3176
3127
1617
6375
4603
7454
4257
7236
443
2581
3188
8583
8065
4626
8301
387
7487
9507
7272
5283
1784
3124
5235
5869
17
8736
2512
2264
4056
9935
5051
6904
1907
2853
6448
614
8834
9778
8899
5021
6935
6747
3421
3310
2797
2802
4442
3509
1383
8133
1461
6381
2589
8122
5391
6082
8462
810
3305
4922
3858
7603
5311
2492
5193
8602
5091
8258
8269
3808
2289
5172
3567
6139
221
5297
7083
5392
8708
7803
7129
3593
8714
5605
4981
351
4890
8432
3022
6336
4828
6362
5329
4466
2096
3571
2124
7330
9941
1757
1069
8613
3420
9514
3089
6186
3386
8658
2748
2602
5315
262
3497
6934
6246
7270
3252
5888
5496
8639
1625
9694
4594
8284
4733
5912
643
2845
3403
5871
38
5510
4948
2627
8255
4634
4913
4173
7358
2239
4238
6565
3451
9078
9158
3405
4253
3852
7108
3039
5732
5211
8375
2907
2131
1199
5014
5052
306
5028
5040
2122
3960
1833
8622
1326
7421
6885
7476
1288
1951
7623
1596
8999
5199
1423
8063
7244
2792
2225
8093
7452
1808
7003
8595
3298
4291
5381
1543
281
7374
8871
7656
3670
2045
4409
8620
3913
9751
817
723
2879
5841
415
3328
8155
7323
1218
9891
9542
6712
8080
2902
2653
229
6489
7828
5787
2948
9168
9836
1932
3199
3014
7399
29
3114
5739
3055
9746
5347
199
749
3436
5874
6242
8022
6099
2007
2284
7018
2046
2455
4063
1238
4372
2940
224
8734
6080
4581
278
5501
967
7153
6394
1969
9497
3337
6320
1988
3676
3549
2532
8732
2262
5223
2384
2247
4784
7143
208
4436
9231
932
3132
3748
6447
5150
307
1544
2333
9176
2990
3373
4989
9384
1098
6938
3255
7453
2120
3927
4346
1689
6432
5296
1518
8050
587
8202
5087
1330
1302
8213
4567
71
7855
7739
1886
7445
5642
6057
77
8428
6666
448
1399
33
9017
2517
1762
9364
7624
188
9082
9162
4406
9690
4368
186
7302
8430
9693
4998
8251
1774
8752
6628
602
4942
1996
8801
703
3890
9712
6392
4386
7251
5293
1498
3888
3091
9950
5207
6203
3985
2536
241
2552
7434
5591
6498
9278
9859
3157
9733
8333
8094
8746
5654
1111
9414
9969
5784
304
958
4113
9713
6054
5884
1725
825
9115
283
60
2442
5585
2842
9817
4128
9984
574
2791
3842
791
5775
612
7642
7293
1301
9930
6315
4651
9217
3726
5324
1719
303
7503
4715
7466
5112
1888
2567
1080
2469
232
7662
4856
7825
9336
895
1001
6691
7215
625
9829
4166
7511
7414
1022
6884
3358
3680
6321
6583
6388
1547
6616
354
6931
8012
4975
7729
4648
4777
9752
500
3321
7472
7130
4798
3033
9557
1640
6983
7174
9029
7422
5059
3543
1157
5721
5750
2733
6178
7161
1720
9325
3140
6779
4895
3296
5152
4947
6905
4598
4900
1573
9615
6012
7498
8783
7005
7439
4658
5890
9774
9894
2876
2644
4278
7144
3376
4905
4250
5803
5275
2834
6653
3030
5854
2746
6571
6316
4486
4813
8933
9668
6640
3595
8275
9775
7391
4899
6218
3079
3967
8310
5695
4575
6968
8836
4214
32
8833
2244
6720
5822
5271
3514
2490
1336
462
3263
8614
9945
7146
5286
1156
2545
6418
8165
4432
3782
2220
5353
1599
1934
7981
7339
8024
2374
6470
9957
6505
940
6428
5630
2729
1553
6162
4553
5170
8761
6155
168
8662
4133
4266
1438
1998
9353
2700
9534
9684
7660
2888
5693
9942
8478
8772
8327
9157
9682
4483
6705
5590
8054
3936
9317
8444
3754
7921
211
9795
5448
7300
8368
3573
6896
6697
1459
4569
8718
9437
706
4771
5612
6183
7427
2612
3832
9093
6508
1912
9870
9597
2288
7791
3678
4796
8173
5905
7234
8929
2679
7618
3218
1710
2798
6185
2709
5842
1669
3502
5672
7840
2826
87
6120
4215
8113
3446
3713
4254
1252
6890
910
6618
6113
3145
4239
887
2503
366
816
9445
3495
4065
2413
7039
4602
2989
4154
9565
1923
9277
8084
7067
1551
5844
3856
5097
6606
5454
5165
3000
5738
8923
2441
4919
4138
9265
2457
2065
8617
9097
8749
594
2658
7962
8685
5699
9809
5553
4358
6220
9108
3909
4229
1331
165
1073
3307
454
7254
4262
4120
9081
3623
4804
3374
8203
1147
8246
7809
1713
646
5663
6602
66
4187
5980
5134
6036
1349
9392
2646
685
4430
7989
5042
5674
8361
871
3348
7951
3357
1279
6860
6281
3224
8417
547
6696
260
631
4743
3618
7765
3201
6051
3119
6106
1523
9223
2149
8353
531
9393
2018
4085
2208
9096
9309
3814
8306
1564
1567
2272
653
1911
3547
2767
6858
53
8808
911
4693
7199
6018
6086
7406
5648
1287
7651
3735
6590
1120
3635
4223
6710
1415
9855
9726
8289
2765
1019
9443
8927
7644
7159
8365
3714
6119
7038
4458
553
4636
2711
8815
3040
4375
7805
9525
4164
9312
7886
8174
9926
1606
1007
4116
917
6002
2
8241
7822
6433
6287
705
8675
348
7719
2871
7900
4556
6984
1413
9193
9994
9215
2041
4585
4950
8489
3840
921
4901
2860
6803
4892
8151
4542
6101
3577
7077
2160
4160
7382
638
3732
4906
3534
6566
45
9323
7630
2020
7405
8236
1722
5862
8868
56
9776
1786
9989
163
8876
8143
8637
8997
3060
5816
6439
1107
3483
8671
8817
6849
2506
9258
3065
7731
8930
5375
799
3301
7444
8666
3196
8520
7929
5019
7668
9035
7316
6922
3275
5643
1334
1414
9222
8538
2342
8243
5
4926
2795
6546
845
4283
8813
5376
4489
5094
1538
5568
8354
1490
3541
6672
3076
6279
7477
9370
3191
5471
7543
4309
5194
9028
84
1620
2899
2140
4551
8640
2331
796
146
8282
94
3024
3873
3324
9938
9826
7071
2955
1339
6398
9654
1976
715
8481
1842
3664
1027
8659
906
1183
840
2807
8127
3240
6954
2118
4341
4419
5525
80
7631
7315
8369
399
907
185
2349
4960
593
2002
9261
8969
8273
3204
23
5856
9704
3046
1329
2306
7388
1146
7788
728
2083
8034
7857
7138
2800
1584
6081
7397
852
5947
9710
9114
6079
9761
902
7635
4108
3093
588
6945
5141
4295
5968
4643
5099
781
2942
5958
2669
4914
6225
7430
744
8206
6579
7727
4402
7093
5880
8176
2650
2661
8777
9866
9342
9340
7245
9832
6460
5189
4548
5986
3303
7866
2965
8895
6659
5519
2352
3260
6626
7319
6639
3655
777
198
159
6087
141
5686
4968
1927
3391
4742
6532
9665
1364
891
3788
3667
1595
373
9380
7990
3011
2803
144
371
323
6899
8703
9588
5477
2491
8867
7565
9533
432
540
2301
2016
2572
8459
7065
8792
5290
8058
6077
1318
1357
1537
4761
5935
6786
7673
9786
3542
6676
8184
7250
7331
6625
394
1715
2379
5629
5006
9664
7303
1054
8234
841
4573
964
1646
47
5962
6574
2735
2706
4912
6334
8651
8032
5581
944
3051
6668
8552
3760
91
447
6796
5523
876
9981
9888
558
4301
4364
9256
9027
2817
881
2261
2893
6987
6309
3258
2741
5909
966
3078
8700
7545
4673
3293
7451
6718
1790
1660
142
8900
5340
3522
1084
4169
4756
8709
5254
7145
490
5791
7209
1505
1623
4588
3990
267
8699
6001
3474
69
1755
3601
2299
5239
9636
1690
5580
280
1079
3319
1359
1161
5885
2327
36
652
8233
5995
3867
4317
8799
3001
4760
8774
2201
7297
8925
238
1363
1519
2816
6168
579
8299
8924
6204
3980
2936
9591
3012
5946
4934
180
9965
5633
8001
2206
1957
4070
3414
2561
8119
9388
6482
7911
5994
8291
4293
8904
3200
4433
3382
1742
9004
8587
7779
1143
9077
174
467
6009
7206
747
5646
7517
1134
6889
6990
2986
9905
6115
4872
803
3994
2649
7843
5676
9188
2480
5238
9444
6953
1891
9745
4835
552
5308
2322
7070
6559
2266
4791
1346
505
9431
721
3935
6214
2219
7484
9043
651
8634
8842
2407
8374
8570
8984
7265
2148
8095
8859
6797
8018
2855
4802
8575
6817
3035
9107
9085
804
3156
3459
680
3477
4568
3763
3904
4222
9389
4517
4599
7983
6913
8023
4312
9288
2025
1893
300
6261
1370
5362
4158
7373
5627
6089
1462
8439
2761
6603
3880
6291
6793
7600
2844
3375
7081
7401
9172
3333
2033
1964
8271
912
7709
3243
2363
1251
3838
7525
566
3602
2900
9237
237
6975
8814
6434
88
5055
1503
1475
9954
1717
1163
869
7442
5050
9823
4671
2737
6074
3097
9292
5846
4106
7952
2654
6729
1373
9133
5200
8470
9901
8921
7932
8504
9670
1489
6003
2971
4829
5900
5449
231
6266
3947
3464
451
6340
9405
6348
6335
7747
1075
7797
2287
6554
4672
908
361
2393
8261
7574
4354
1831
5073
6925
1867
8550
269
7637
6023
7813
5090
9962
8623
1074
1705
809
8319
9796
427
1618
6043
9036
9060
2732
96
8733
4175
217
632
7037
464
5037
55
6978
9045
9305
5619
2474
5779
7849
726
1271
4418
8977
1868
3874
271
5071
400
7548
5281
903
9319
704
2376
2678
1652
8534
501
2913
2111
487
7634
9760
7012
5570
4078
3106
3957
2406
1151
8378
2162
1983
2861
3901
986
2883
8537
9629
9423
9743
4092
6056
511
3332
3096
6883
6031
3416
6455
3192
4617
6161
2963
4714
1060
210
4020
9889
6396
776
694
4503
5596
3262
244
5893
1579
8144
1539
2248
1809
1445
8934
2478
3742
9896
7014
153
3752
628
3900
422
2967
8628
9478
3362
6011
220
8317
9326
8193
1752
8279
4325
1905
308
100
4745
4559
3938
753
6701
1633
5056
5397
2894
9918
75
5327
248
9549
2125
1499
1428
6306
4394
1417
8769
242
9697
5796
1284
89
3500
2594
226
1176
1970
7482
1324
1416
4383
6257
1422
9545
2270
1081
7416
3268
7884
8000
5287
7716
6595
5227
808
7160
2578
7497
468
9299
9061
3988
6811
7008
678
8380
2168
3925
134
2085
6645
8680
2789
470
8605
3511
6827
1016
9631
8742
8390
4609
9184
6449
2502
8851
1297
4656
4717
1504
5571
9219
7597
9688
7633
8847
1657
4993
7571
3650
5616
9686
5318
6253
7294
5430
8677
7807
9239
2896
4336
1933
8300
4719
6504
3646
5284
1361
7402
8061
1470
2555
128
6245
1313
2308
4795
9996
9720
9205
2014
835
738
9738
102
8175
3147
7942
6558
973
8548
5403
4084
1231
2591
6542
1268
7289
665
6914
8612
1819
578
2981
1009
7663
797
395
9315
181
7577
4739
1247
7594
826
7853
1158
8754
710
4953
4524
9419
2127
2282
3400
1381
4497
5236
7376
2856
9357
1116
1668
4400
7718
7281
5788
9062
8385
9141
769
526
5382
5597
7787
6580
2182
5409
7086
8673
6028
2103
428
2068
7221
3796
1253
7680
3939
5035
4977
1946
1059
7723
3269
8179
8811
2499
3354
1014
9075
2556
423
5970
3234
9498
5527
5547
3087
4705
4935
5419
9797
4308
3712
3694
5760
9711
5924
426
6170
3288
2588
4093
5030
1529
7988
8818
3833
6369
5043
9228
6856
975
1787
1411
6768
8956
8682
1838
4195
7425
4757
2290
7495
9466
3088
4381
8431
3517
532
8472
5680
6706
2916
9765
9884
5514
1094
4686
5083
4543
2961
8259
1999
8832
3291
9922
7657
6933
9770
5979
4426
1747
2833
2736
4006
7291
2585
6917
9892
9055
7044
2060
9490
2466
7691
4024
3677
5823
6165
7926
8654
9066
7353
1170
7468
62
4793
4473
3115
9474
4267
8991
7340
9473
2307
7256
7783
7094
5564
3489
9021
5700
3848
9685
784
4711
1656
4401
442
5826
7326
7667
4994
6740
2296
9609
4488
2784
3366
5961
8581
4423
8421
4850
5595
8866
2173
6492
3560
8436
8786
8802
1583
3692
6738
5008
6594
9875
4696
5463
5827
9245
4710
2311
4274
5001
8025
1971
4961
5992
3662
8624
3673
7343
2666
6408
9243
7438
4778
7172
6772
7066
491
771
97
7678
3737
6124
4094
3895
5976
6615
4251
8773
807
1186
9337
3494
8776
9749
3009
9023
2445
6072
6841
7128
2970
9639
7220
1291
7721
8508
7713
7002
6789
8713
676
5922
7748
4605
9409
2689
7528
4625
957
9555
4288
2006
2968
5453
856
1188
9605
4554
2987
3897
3172
9195
1763
1860
9236
1122
6859
5511
1403
2430
176
787
6260
8615
5218
3849
9603
5460
9849
6982
506
2199
656
5546
5978
2279
2535
6624
3597
1162
2463
6180
929
6647
5578
2205
831
3659
7815
3444
5492
9964
2420
1510
5906
4148
7224
5974
1545
2362
7218
4263
1447
1053
9995
5640
9050
4708
8451
4530
4547
9819
7752
3138
4858
2783
1376
3044
4132
9359
4490
4763
4487
1128
219
6285
4482
6733
5530
3475
7696
4182
5830
2584
3297
4026
2170
8211
4275
3685
4874
4422
3069
8114
6524
1320
9065
6564
7996
8643
3072
4456
2744
227
8048
2462
9402
5188
2874
9298
7019
3912
1894
9383
7032
3844
1598
8961
189
286
1185
2962
6769
8978
5025
1245
5131
8057
1530
9273
5505
7057
5814
3702
2641
6207
2898
4416
4370
8540
6973
4864
7075
9415
1517
8497
2210
6219
8442
1300
8649
7655
8068
7914
3799
2309
7271
624
7123
3566
294
1724
9881
3736
9860
4282
3656
7804
6600
8705
5945
5562
6249
7558
3581
3640
7742
8102
9911
7861
9495
1611
2978
695
2721
556
7515
969
3472
7383
3816
2227
1038
7467
5427
8318
5258
6359
1589
6382
6807
6766
9365
4536
5295
7049
4772
668
7734
5374
1327
9446
9109
2608
1389
8578
5480
4465
3878
7164
7440
6678
2730
7896
3432
915
70
276
5757
5214
253
6573
3484
2921
1307
6052
4388
4302
9675
9041
5824
6533
8071
6865
5266
3449
8942
5142
418
5763
4931
5110
4124
559
6622
1384
2724
520
1435
9724
225
3118
3392
4213
4940
157
7831
5065
6332
9527
9442
9242
523
2780
3740
4712
9727
6258
9134
5587
2939
1704
950
7669
1769
2030
377
9583
9789
3074
3326
8712
2280
6350
2167
9366
7264
8477
3863
6646
2019
1424
6301
6932
5943
8689
7317
5957
5810
7314
1189
5181
2850
5204
7368
2766
5851
7998
1149
7641
1795
8307
8020
7953
3619
170
8112
6267
2135
6013
6063
5777
5863
4511
5963
8107
6999
257
1492
8549
2975
8355
7544
2614
577
2381
5070
8249
9645
4397
6497
6985
2144
7531
7934
3669
7139
945
4623
2130
3439
8228
3278
2259
2209
8457
4800
9737
1958
8346
3320
4669
4140
888
8332
3910
2851
2590
8878
7883
3553
4945
6136
3530
2434
4485
7180
7975
7478
5932
9719
2727
879
6550
48
6144
7717
6323
4000
9022
2358
5687
2487
8789
4766
6236
6230
4292
6095
7703
7102
6854
119
8379
8382
5730
9511
6343
2031
5166
8238
6385
4314
8865
3407
344
551
7735
158
981
4990
4652
3379
6015
9234
4582
2823
1791
9213
74
9328
1223
9980
5697
541
3705
9782
8656
1782
3841
4022
1125
6058
4117
1306
8896
4452
8631
679
5432
6608
2241
7744
2214
5332
8795
5484
586
1901
9863
90
499
5138
6114
3621
8419
1592
7570
8849
758
3187
6800
669
7185
3431
5341
5289
8399
9649
6576
161
9747
604
1859
4682
9240
9470
4184
8599
4330
339
5118
3999
9535
2663
663
6195
4966
829
2511
1960
7599
5944
6848
6746
611
4898
9740
519
3334
9204
6146
1726
3894
4265
4476
1466
3555
6923
6164
5378
1864
4248
994
4224
7179
1213
872
3350
1688
5847
2359
7283
4462
7308
7133
7429
1945
3174
2265
7881
6010
3891
2233
3801
7446
7937
8163
4427
4144
6175
6232
9185
8384
5319
1200
7187
6961
2414
9604
659
8280
5012
2192
4885
8954
6723
2785
5252
878
7448
6278
5916
8181
6050
4807
7072
2954
2263
5196
8766
2281
7648
5291
5344
8979
6264
6296
424
4614
3588
3265
1088
3926
6516
2236
9090
5712
9643
8692
9730
3636
1222
8556
1576
8831
3308
5565
3772
4805
4681
2157
5636
7214
3468
1269
818
8823
7523
3868
9125
3036
3437
8910
2553
1444
1847
9377
9332
9906
4527
1992
698
2444
2451
4775
5280
8882
2877
5072
3399
5450
1773
6483
6159
4937
2779
7116
5461
4747
1937
4185
1067
3338
3469
4365
619
2762
6426
6850
3971
7142
334
5320
6824
1409
4129
3969
7203
727
7841
3923
8981
7059
3861
2548
4373
3282
9482
9573
9799
5273
390
2275
3804
9260
1954
5911
1638
1024
115
3329
5248
4515
4003
2283
4112
7337
9251
6404
5635
555
8098
287
3983
1496
905
8066
5658
3964
9339
6262
8768
9440
177
6686
5379
2943
7690
6735
2951
6782
8710
6156
3612
2023
7509
9418
6138
396
9715
1002
1696
7141
2093
5475
9579
385
9862
4655
6263
3202
3663
9092
7654
7965
2771
4425
6950
7536
6634
3041
5543
6791
5542
3627
3741
5645
7526
8536
2757
2992
4871
9296
3580
7338
9992
3149
6179
2175
3167
947
1477
8078
5208
4176
9877
920
9421
5614
3300
2639
9959
6664
3086
1692
5706
7607
82
2880
1348
2781
9396
8941
8846
3388
6234
9620
8835
5933
1982
2566
2252
9378
2753
925
9379
9766
4134
5599
5902
3683
6402
8168
8403
7553
996
5764
3876
364
4685
4218
8663
6098
1205
9327
3572
3860
5934
6708
9074
7228
2534
5487
5853
2541
8186
7869
3550
1440
8429
6041
5262
8434
1004
4958
6391
8201
3708
3238
5316
1012
5493
4860
3720
1974
8158
3622
375
2464
8544
8787
7118
4048
3513
9385
1015
1703
5899
2790
9759
4730
5346
9521
1304
1744
9344
3276
9769
5468
2820
9576
843
4315
1728
5758
9053
1181
2435
9683
2825
5237
7675
1994
1352
5926
7474
4987
8598
5601
7833
8169
9
7378
6140
7588
1133
9725
8067
9540
1745
3136
1828
8618
268
6033
8652
1256
9496
1684
2073
2563
6133
2483
9137
6966
1707
9543
8960
5356
9105
514
8248
5999
3317
8344
7640
4049
1588
9235
8922
6787
5698
5839
9674
9921
5434
8727
5339
7591
4814
6660
4660
8134
6488
1877
4029
9983
719
3609
4461
8110
7928
1827
3697
7730
2598
4753
2481
3412
5520
9449
3424
2079
7033
7971
1190
4846
8744
7659
1925
4281
9232
156
1714
6299
4201
3866
1495
2026
4333
8418
793
4522
953
5987
2136
6711
4555
672
9728
956
7352
5761
6049
5429
6337
5404
5895
4405
2605
7222
8448
4684
3092
9355
8966
5550
2754
5737
4727
3773
6112
8195
2582
7137
7895
3053
6126
4127
5709
2089
4896
9818
1197
3271
857
8989
9676
7584
9373
561
8051
223
8474
550
512
1148
8192
1354
1743
8461
722
5031
9784
4075
5466
850
4196
1802
8819
8009
39
4954
7344
3929
2828
8518
5702
1515
7903
4067
3823
230
8653
3390
5982
4030
3037
3286
4939
5481
2303
3045
5623
455
7170
7396
2257
5808
4033
789
2387
2755
8830
9839
7919
7720
4460
8609
4205
8347
4729
7104
7354
595
2662
2475
5744
8073
4009
9147
3810
4589
5183
8524
1778
7034
9822
2238
9425
5560
7479
9607
8044
434
3857
6366
6475
4183
7628
4654
6493
8805
5681
2976
6610
9338
6118
7699
5445
3254
3966
3383
284
7993
6687
9130
6383
8908
1228
6413
7201
7604
1880
8424
3734
933
3166
2698
4467
8426
7850
3052
6778
948
8579
837
7582
3574
6722
463
9623
3932
3899
2398
739
10000
9721
1730
4255
9271
4208
6235
5718
9771
5342
8935
431
6804
6310
5048
4197
1708
732
3951
3949
1262
8621
3510
635
9518
4209
5240
7296
4389
9655
6543
3953
3285
1930
2329
4749
3113
6866
9459
2380
95
2773
6683
6006
1210
331
6822
1555
1693
1944
8858
2699
7521
9009
7418
8874
1153
5768
5345
5250
7260
8276
9407
3933
8468
7193
8856
1232
5178
3485
8427
6902
7811
9057
3800
6284
8646
329
1671
8983
8971
7745
2927
8363
935
6247
3608
7957
8056
295
7806
1878
7830
9224
8870
1716
1446
5715
3794
3102
9553
5209
9404
9757
4165
7532
4103
2253
2422
4528
5076
5486
4299
7473
4992
7173
682
2642
5981
5331
3355
8075
2295
1011
5491
1436
3488
2348
1127
5918
750
7817
1369
1789
6424
3774
9754
4172
5534
1805
5515
3302
7091
962
3117
9847
2399
3963
8019
4174
5174
4744
7342
8527
8522
7269
7802
4180
8717
6654
1237
6553
1540
6066
5886
6347
5497
3719
6692
5363
2320
2677
7770
8231
6557
7868
1895
1952
6805
1259
9646
3836
133
606
5079
5416
3456
1265
1390
7944
6611
1138
4927
2059
4382
5526
1667
8730
5169
6318
5659
6017
6401
8124
9394
2082
5575
9865
7695
7839
1033
4343
2759
9143
6943
8229
5093
673
7773
1928
7023
6780
5661
7285
9207
3142
4246
7411
5602
8132
7379
9448
8863
1798
4526
4143
8557
8482
3378
8905
1879
1781
8515
9910
2360
3128
450
5368
1289
3506
5717
4751
4059
2273
1193
4329
504
7589
3311
4703
3082
4446
827
9802
1204
5003
6295
496
2878
1124
862
1650
5027
6759
1103
6274
1896
1938
2868
6527
2150
3226
1055
6229
3026
1737
9810
3523
1353
2892
3508
599
7356
8884
2202
7758
9948
4645
2710
1569
3381
9993
518
9356
4042
5459
7835
5628
8980
4136
3347
2341
3613
773
3784
4081
3855
2863
4541
9461
765
525
3524
7997
8425
8121
6704
8274
5558
1083
7122
8827
4591
3261
4595
6395
8212
5977
8590
9622
6344
2690
6240
8635
5439
2456
2549
8593
9343
899
2256
2716
8320
1068
4544
6623
8690
5561
1042
7616
8167
864
7925
2304
4880
1043
7555
8091
9321
7392
3551
4014
605
667
4469
9893
3352
4380
3492
3872
5567
998
4403
7966
1917
8031
2370
9430
693
1804
4755
358
8585
2385
8030
391
3731
2901
8450
6104
2048
6620
3709
1756
9585
2452
1571
2062
7685
3902
6465
1800
8142
6609
6838
3686
4455
9084
9352
9780
7211
9083
5157
8596
3178
5007
7534
990
2386
1978
9722
2334
647
8589